A =

         0   -0.5000    0.0333
    1.0000   -1.9667    0.2500
         0         0         0


Lambda =

   -1.5000    2.5981         0
   -2.5981   -1.5000         0
         0         0   -3.0000


M =

    0.0073    0.0001   -0.0111
    0.0354   -0.0153   -0.0499
    0.1957    0.3391    0.2509


H =

    1.1746    0.0002    0.7527


F =

         0   -0.5000    0.0333
    1.0000   -1.9667    0.2500
  371.0759  -87.7479   -4.0333


K =

 -371.0759   87.7479    4.0333


Kg =

  810.0000


G =

         0
         0
  810.0000


uF =

         0   -0.7238    0.0050
    1.0000   -2.8544    0.0850
  371.0759  -87.7479   -4.0333


oF =

         0   -0.2712    0.0617
    1.0000   -1.0790    0.4150
  371.0759  -87.7479   -4.0333


chUF =

    1.0000    6.8877   17.8458   20.9080


chOF =

    1.0000    5.1123   18.1492   23.5736