% -------------------------------------------------------------------
%  Generated by MATLAB on 31-May-2017 20:09:42
%  MATLAB version: 8.3.0.532 (R2014a)
% -------------------------------------------------------------------
                                 

A = ...
  [-1 0 0;
   0.3733 0 -0.6675;
   0.0371 1 -2.6495];

B = [1; 0; 0];

C = [0 0 1];

Dr = ...
  [1 0 0;
   0 1 0;
   0 0 1];

F = ...
  [-3.3505000000000056 -21.603660675698922 -10.531097567697545;
   0.3733 0 -0.6675;
   0.0371 1 -2.6495];

F0 = ...
  [-3.3505000000000043 -21.603660675698951 -10.531097567697538;
   0.37330000000000046 1.9984014443252818E-15 -0.6675000000000022;
   0.037099999999999911 0.99999999999999778 -2.6494999999999997];

He = [-0.020759924264715651 -0.00754984016777047 0.48462777726710238];

He0 = [0 0 1];

K = [2.3505000000000056 21.603660675698922 10.531097567697545];

Kg = -26.954177897574187;

Lambda = ...
  [0 0 -27;
   1 0 -18;
   0 1 -6];

M = ...
  [0.012642825784781837 0.0081170984799339325 -0.00056725831216358942;
   -0.0034553476909437823 0.003187502001042777 0.009082673206094476;
   0.0022952282612977923 -0.0090675061326368663 0.027513003853069692];

Mecond = 4.37668549525756;

ans = -6.9917100819265085E-7;

chOF = [1 4.2245 11.19834757466093 15.46351084807293];

chUF = [1 7.7755 32.105062999999973 79.87842132305768];

deltaIF = 0.074198579067347434;

nA = 1.8007045346828541;

nF = 24.268719931259305;

oF = ...
  [-3.3505000000000056 -21.603660675698922 -10.531097567697545;
   0.4688 0 -0.21999999999999997;
   -0.1973 1 -0.87400000000000011];

otA = ...
  [0 0 0;
   0.0955 0 0.4475;
   -0.2344 0 1.7755];

overA = ...
  [0 0.4475 -0.2344;
   0 1.7755 0.0955;
   0 0 0];

r1 = 27;

r2 = 18;

r3 = 6;

uF = ...
  [-3.3505000000000056 -21.603660675698922 -10.531097567697545;
   0.7466 0 -0.3684;
   0.0742 1 -4.4250000000000007];

underA = ...
  [0 0.2991 -0.0313;
   0 -1.7755 0.0254;
   0 0 0];

utA = ...
  [0 0 0;
   0.3733 0 0.2991;
   0.0371 0 -1.7755];

w0 = 3;

