l = 10;
   
a = [0 l 0 0 0 0];
al = [90 0 -90 90 -90 0];
d = [l 0 0 2*l 0 2*l];

simout = [0 0 0; 0 0 0; 0 0 0];
